All Predecessor IDs
pred[0]: []
pred[1]: [0]
pred[2]: [1, 0]
pred[3]: [1, 2, 0]
pred[4]: [1, 3, 2, 0]
pred[5]: [4, 3, 2, 0, 1]
pred[6]: [1, 4, 3, 2, 0, 5]
pred[7]: [6, 4, 3, 2, 0, 5, 1]
pred[8]: [4, 0, 7, 3, 1, 6, 2, 5]
pred[9]: [4, 8, 0, 7, 3, 6, 2, 5, 1]
pred[10]: [4, 8, 0, 7, 3, 1, 6, 2, 5, 9]
pred[11]: [4, 8, 0, 7, 3, 6, 2, 5, 10, 1, 9]
pred[12]: [4, 8, 0, 7, 3, 11, 1, 6, 2, 10, 5, 9]
Profiling Results:
C = 0.00096      A = 50466816.00000      OA = 50466816.00000     P = 3456.00000
C = 0.01268      A = 38535168.00000      OA = 38535168.00000     P = 245760.00000
C = 0.01195      A = 38535168.00000      OA = 38535168.00000     P = 1327104.00000
C = 0.01921      A = 102760448.00000     OA = 102760448.00000    P = 8388608.00000
C = 0.02083      A = 102760448.00000     OA = 102760448.00000    P = 11796480.00000
C = 0.02232      A = 38535168.00000      OA = 38535168.00000     P = 31195136.00000
C = 0.02027      A = 51380224.00000      OA = 51380224.00000     P = 45088768.00000
C = 0.02362      A = 51380224.00000      OA = 51380224.00000     P = 53477376.00000
C = 0.02388      A = 19267584.00000      OA = 19267584.00000     P = 124780544.00000
C = 0.02546      A = 12845056.00000      OA = 12845056.00000     P = 180355072.00000
C = 0.02956      A = 12845056.00000      OA = 12845056.00000     P = 213909504.00000
C = 0.00103      A = 8008.00000          OA = 8008.00000         P = 32804772.00000
C = 0.00023      A = 0.00000     OA = 0.00000    P = 0.00000

0.00096 0.01364 0.02559 0.04480 0.06563 0.08795 0.10822 0.13184 0.15572 0.18118 0.21074 0.21177 0.21200
0.00000 0.01268 0.02463 0.04384 0.06467 0.08699 0.10726 0.13088 0.15476 0.18022 0.20978 0.21081 0.21104
0.00000 0.00000 0.01195 0.03116 0.05199 0.07431 0.09458 0.11820 0.14208 0.16754 0.19710 0.19813 0.19836
0.00000 0.00000 0.00000 0.01921 0.04004 0.06236 0.08263 0.10625 0.13013 0.15559 0.18515 0.18618 0.18641
0.00000 0.00000 0.00000 0.00000 0.02083 0.04315 0.06342 0.08704 0.11092 0.13638 0.16594 0.16697 0.16720
0.00000 0.00000 0.00000 0.00000 0.00000 0.02232 0.04259 0.06621 0.09009 0.11555 0.14511 0.14614 0.14637
0.00000 0.00000 0.00000 0.00000 0.00000 0.00000 0.02027 0.04389 0.06777 0.09323 0.12279 0.12382 0.12405
0.00000 0.00000 0.00000 0.00000 0.00000 0.00000 0.00000 0.02362 0.04750 0.07296 0.10252 0.10355 0.10378
0.00000 0.00000 0.00000 0.00000 0.00000 0.00000 0.00000 0.00000 0.02388 0.04934 0.07890 0.07993 0.08016
0.00000 0.00000 0.00000 0.00000 0.00000 0.00000 0.00000 0.00000 0.00000 0.02546 0.05502 0.05605 0.05628
0.00000 0.00000 0.00000 0.00000 0.00000 0.00000 0.00000 0.00000 0.00000 0.00000 0.02956 0.03059 0.03082
0.00000 0.00000 0.00000 0.00000 0.00000 0.00000 0.00000 0.00000 0.00000 0.00000 0.00000 0.00103 0.00126
0.00000 0.00000 0.00000 0.00000 0.00000 0.00000 0.00000 0.00000 0.00000 0.00000 0.00000 0.00000 0.00023
0.00000 0.00000 0.00000 0.00000 0.00000 0.00000 0.00000 0.00000 0.00000 0.00000 0.00000 0.00000 0.00000